## K = 3

| ID | n | k | m | Max_iter | LRC | z | S | CPU(μs)
|:-:|:-:|:-:|:-:|:-:|:-:|:-:|:-:|:-:|
data/max_div_15_3.txt|15|3|2|10|2|13.2732| [ 9.88 9.88 6.26 ]  [ 0.30 0.92 4.23 ] |974
data/max_div_15_3.txt|15|3|2|10|3|13.2732| [ 9.88 9.88 6.26 ]  [ 0.30 0.92 4.23 ] |485
data/max_div_15_3.txt|15|3|3|10|2|31.8685| [ 9.88 9.88 6.26 ]  [ 1.71 1.95 9.22 ]  [ 5.17 1.39 0.91 ] |674
data/max_div_15_3.txt|15|3|3|10|3|31.8685| [ 1.71 1.95 9.22 ]  [ 5.17 1.39 0.91 ]  [ 9.88 9.88 6.26 ] |962
data/max_div_15_3.txt|15|3|4|10|2|59.7638| [ 9.88 9.88 6.26 ]  [ 1.71 1.95 9.22 ]  [ 0.30 0.92 4.23 ]  [ 6.65 9.45 1.02 ] |786
data/max_div_15_3.txt|15|3|4|10|3|59.7638| [ 6.65 9.45 1.02 ]  [ 1.71 1.95 9.22 ]  [ 9.88 9.88 6.26 ]  [ 0.30 0.92 4.23 ] |1474
data/max_div_20_3.txt|20|3|2|10|2|11.8003| [ 9.81 2.05 1.83 ]  [ 0.65 3.76 9.07 ] |638
data/max_div_20_3.txt|20|3|2|10|3|11.5909| [ 9.60 2.02 9.00 ]  [ 0.83 7.06 3.34 ] |540
data/max_div_20_3.txt|20|3|3|10|2|30.8727| [ 9.81 2.05 1.83 ]  [ 8.87 9.56 5.34 ]  [ 0.65 3.76 9.07 ] |830
data/max_div_20_3.txt|20|3|3|10|3|30.8727| [ 0.65 3.76 9.07 ]  [ 8.87 9.56 5.34 ]  [ 9.81 2.05 1.83 ] |1113
data/max_div_20_3.txt|20|3|4|10|2|56.6903| [ 9.81 2.05 1.83 ]  [ 0.83 7.06 3.34 ]  [ 0.65 3.76 9.07 ]  [ 9.60 2.02 9.00 ] |1605
data/max_div_20_3.txt|20|3|4|10|3|56.6903| [ 9.60 2.02 9.00 ]  [ 0.83 7.06 3.34 ]  [ 9.81 2.05 1.83 ]  [ 0.65 3.76 9.07 ] |1421
data/max_div_30_3.txt|30|3|2|10|2|13.0737| [ 8.06 9.59 0.27 ]  [ 6.71 0.35 9.42 ] |751
data/max_div_30_3.txt|30|3|2|10|3|13.0737| [ 6.71 0.35 9.42 ]  [ 8.06 9.59 0.27 ] |936
data/max_div_30_3.txt|30|3|3|10|2|34.2905| [ 8.06 9.59 0.27 ]  [ 8.32 0.47 8.98 ]  [ 1.53 8.09 9.56 ] |1256
data/max_div_30_3.txt|30|3|3|10|3|34.2905| [ 1.53 8.09 9.56 ]  [ 8.06 9.59 0.27 ]  [ 8.32 0.47 8.98 ] |1356
data/max_div_30_3.txt|30|3|4|10|2|63.702| [ 8.06 9.59 0.27 ]  [ 8.32 0.47 8.98 ]  [ 6.75 0.07 1.80 ]  [ 1.53 8.09 9.56 ] |1969
data/max_div_30_3.txt|30|3|4|10|3|63.702| [ 1.53 8.09 9.56 ]  [ 8.06 9.59 0.27 ]  [ 6.75 0.07 1.80 ]  [ 8.32 0.47 8.98 ] |1558